Simulated annealing: Cycle 1

Iter         T              F        Inc    Acc
   0    8.4800E+005    1.0762E+005    97    45
   1    7.6320E+005    2.7639E+003    94    48
   2    6.8688E+005    7.5740E+004    99    45
   3    6.1819E+005    1.3828E+005   104    43
   4    5.5637E+005    6.5575E+004    97    41
   5    5.0074E+005    2.7602E+005   100    48
   6    4.5066E+005    2.2256E+005   103    41
   7    4.0560E+005    2.5432E+005    95    46
   8    3.6504E+005    6.6559E+004   108    46
   9    3.2853E+005    4.6074E+005   109    43
  10    2.9568E+005    8.4466E+001    99    52
  11    2.6611E+005    7.5924E+004   102    43
  12    2.3950E+005    1.3376E+004   113    41
  13    2.1555E+005    3.3312E+005   107    51
  14    1.9400E+005    2.6525E+004   104    48
  15    1.7460E+005    1.0088E+002   103    51
  16    1.5714E+005    9.5692E+003   112    47
  17    1.4142E+005    2.2708E+004   105    39
  18    1.2728E+005    8.9945E+000   107    45
  19    1.1455E+005    2.8182E+003   109    43
  20    1.0310E+005    7.2609E+001   114    47
  21    9.2787E+004    6.6890E+003   113    40
  22    8.3509E+004    2.2596E+004   105    44
  23    7.5158E+004    1.8529E+001   110    45
  24    6.7642E+004    1.3879E+003   107    42
  25    6.0878E+004    1.7110E+004   111    40
  26    5.4790E+004    3.1812E+004   101    46
  27    4.9311E+004    5.2235E+001   106    41
  28    4.4380E+004    8.5093E+003   111    42
  29    3.9942E+004    2.8186E+004   107    56
  30    3.5948E+004    4.1830E+000   107    36
  31    3.2353E+004    3.5488E+003   112    44
  32    2.9118E+004    2.1132E+004   112    40
  33    2.6206E+004    1.3084E+004   101    48
  34    2.3585E+004    3.4365E+003   106    50
  35    2.1227E+004    3.4251E+002   115    40
  36    1.9104E+004    1.3027E+004   113    39
  37    1.7194E+004    4.2230E+003   109    39
  38    1.5474E+004    2.0960E+002   119    40
  39    1.3927E+004    4.4814E+003   116    38
  40    1.2534E+004    5.9697E+003   121    42
  41    1.1281E+004    3.0540E+004   105    35
  42    1.0153E+004    1.1849E+003   115    41
  43    9.1374E+003    9.9828E+001   113    33
  44    8.2237E+003    5.2678E+000   112    38
  45    7.4013E+003    4.7001E+003   115    35
  46    6.6612E+003    5.7595E+002   115    43
  47    5.9951E+003    1.2026E+003   113    39
  48    5.3956E+003    1.1513E+001   108    34
  49    4.8560E+003    6.6172E+002   119    37
  50    4.3704E+003    1.3709E+002   112    33
  51    3.9334E+003    2.2055E+002   108    37
  52    3.5400E+003    4.9382E+000   110    36
  53    3.1860E+003    4.2863E+002   106    27
  54    2.8674E+003    6.8823E+002   119    35
  55    2.5807E+003    4.0714E+002   113    42
  56    2.3226E+003    6.0797E+001   117    32
  57    2.0904E+003    3.3124E+003   111    36
  58    1.8813E+003    7.0301E+001   106    48
  59    1.6932E+003    3.5211E+001   115    39
  60    1.5239E+003    1.3142E+002   116    28
  61    1.3715E+003    1.2559E+002   112    39
  62    1.2343E+003    4.2634E+000   115    36
  63    1.1109E+003    3.1564E+002   107    39
  64    9.9981E+002    1.0082E+002   106    38
  65    8.9983E+002    4.2810E+001   116    34
  66    8.0984E+002    1.0176E+001   117    40
  67    7.2886E+002    4.6581E+002   118    39
  68    6.5597E+002    3.6621E+001   110    38
  69    5.9038E+002    5.7403E+001   106    34
  70    5.3134E+002    6.6248E+000   113    37
  71    4.7821E+002    3.9100E+002   124    30
  72    4.3038E+002    4.7493E+000   106    41
  73    3.8735E+002    3.7835E+002   126    25
  74    3.4861E+002    6.1333E+000   103    54
  75    3.1375E+002    1.2447E+000   107    35
  76    2.8238E+002    3.3933E+002   115    42
  77    2.5414E+002    2.3040E+002   113    32
  78    2.2872E+002    1.7074E+001   115    34
  79    2.0585E+002    7.2468E+000   114    39
  80    1.8527E+002    5.1943E+000   108    45
  81    1.6674E+002    1.1208E+002   114    40
  82    1.5007E+002    1.0813E+001   105    39
  83    1.3506E+002    5.7312E-001   109    35
  84    1.2155E+002    1.1241E+000   112    40
  85    1.0940E+002    9.4914E+001   119    33
  86    9.8458E+001    2.3911E+002   109    43
  87    8.8612E+001    2.5155E+002   116    28
  88    7.9751E+001    7.5397E+001   109    51
  89    7.1776E+001    4.9010E+000   113    37
  90    6.4598E+001    3.0977E+000   112    36
  91    5.8139E+001    2.0632E+001   113    40
  92    5.2325E+001    9.0252E-001   113    34
  93    4.7092E+001    5.8534E+001   120    31
  94    4.2383E+001    3.0732E+001   114    37
  95    3.8145E+001    2.6619E+001   102    40
  96    3.4330E+001    3.6126E+000   110    44
  97    3.0897E+001    2.0063E-001   121    32
  98    2.7807E+001    2.7577E-001   114    44
  99    2.5027E+001    1.1521E+000   116    30
 100    2.2524E+001    4.0589E-001   113    36
 101    2.0272E+001    3.2132E+000   116    39
 102    1.8244E+001    6.9753E-001   112    37
 103    1.6420E+001    2.4584E+000   110    35
 104    1.4778E+001    3.3487E+000   104    39
 105    1.3300E+001    8.4099E-001   107    36
 106    1.1970E+001    2.8579E-001   122    26
 107    1.0773E+001    2.7163E+000   107    43
 108    9.6959E+000    1.1700E+001   120    37
 109    8.7263E+000    4.4938E-001   108    37
 110    7.8537E+000    7.9741E-001   103    37
 111    7.0683E+000    2.3097E+000   113    37
 112    6.3615E+000    1.1902E+000   110    50
 113    5.7253E+000    3.7023E+000   116    33
 114    5.1528E+000    5.4954E+000   118    35
 115    4.6375E+000    1.4520E+000   111    36
 116    4.1738E+000    2.2559E+000   109    36
 117    3.7564E+000    1.2661E+000   102    43
 118    3.3807E+000    1.7169E+000   115    39
 119    3.0427E+000    1.8085E+001   117    36
 120    2.7384E+000    9.1541E-001   116    39
 121    2.4646E+000    8.1997E-001   117    36
 122    2.2181E+000    8.0167E-001   112    38
 123    1.9963E+000    1.6416E+000   116    36
 124    1.7967E+000    2.0744E+000   111    38
 125    1.6170E+000    7.7696E-001   115    37
 126    1.4553E+000    5.4370E+000   113    37
 127    1.3098E+000    1.4952E+000   111    38
 128    1.1788E+000    9.3636E-001   110    36
 129    1.0609E+000    9.5327E-001   113    31
 130    9.5482E-001    5.4769E-001   121    31
 131    8.5934E-001    9.2158E-001   113    47
 132    7.7341E-001    1.4565E+000   127    31
 133    6.9606E-001    9.4043E-001    98    46
 134    6.2646E-001    7.9028E-001   113    36
 135    5.6381E-001    9.9817E-001   121    32
 136    5.0743E-001    1.6388E+000   116    35
 137    4.5669E-001    9.2285E-001   113    37
 138    4.1102E-001    1.2021E+000   117    34
 139    3.6992E-001    9.8655E-001   117    49
 140    3.3293E-001    1.0899E+000    98    43
 141    2.9963E-001    8.2400E-001   110    35
 142    2.6967E-001    7.9167E-001   118    39
 143    2.4270E-001    1.1342E+000   111    35
 144    2.1843E-001    8.0413E-001   117    41
 145    1.9659E-001    1.9674E+000   109    36
 146    1.7693E-001    1.1526E+000   112    31
 147    1.5924E-001    8.1850E-001   118    36
 148    1.4331E-001    7.9242E-001   109    46
 149    1.2898E-001    7.3542E-001   122    31
 150    1.1608E-001    6.3882E-001   124    31
 151    1.0448E-001    6.3052E-001   107    35
 152    9.4028E-002    5.3840E-001   115    37
 153    8.4625E-002    7.4447E-001   115    42
 154    7.6163E-002    5.5918E-001   110    32
 155    6.8546E-002    5.1353E-001   114    34
 156    6.1692E-002    4.9653E-001   118    40
 157    5.5523E-002    4.4716E-001   110    34
 158    4.9970E-002    2.2521E-001   103    35
 159    4.4973E-002    1.7683E-001   110    32
 160    4.0476E-002    1.0239E-002   111    30
 161    3.6428E-002    1.0594E-001   111    44
 162    3.2786E-002    3.8756E-002   117    35
 163    2.9507E-002    1.1859E-002   122    48
 164    2.6556E-002    4.6655E-002   114    34
 165    2.3901E-002    4.0237E-002   110    39
 166    2.1511E-002    5.0317E-002   121    47
 167    1.9360E-002    2.0393E-002   111    34
 168    1.7424E-002    5.8855E-003   107    48
 169    1.5681E-002    1.1903E-005   113    33
 170    1.4113E-002    1.4075E-004   117    39
 171    1.2702E-002    3.5314E-003   108    34
 172    1.1432E-002    1.6890E-002   107    39
 173    1.0288E-002    1.1895E-003   115    30
 174    9.2596E-003    1.1351E-002   110    35
 175    8.3336E-003    2.3423E-002   113    44
 176    7.5003E-003    1.3305E-002   119    38
 177    6.7503E-003    4.3064E-004   103    38
 178    6.0752E-003    3.7874E-003   118    40
 179    5.4677E-003    6.5602E-003   110    27
 180    4.9209E-003    3.2574E-003   111    35
 181    4.4288E-003    7.4056E-003   119    34
 182    3.9860E-003    2.1752E-003   112    39
 183    3.5874E-003    2.6679E-003   116    40
 184    3.2286E-003    1.2679E-004   114    37
 185    2.9058E-003    5.3466E-004   114    43
 186    2.6152E-003    6.5055E-003   114    32
 187    2.3537E-003    3.9285E-003   117    42
 188    2.1183E-003    6.5684E-004   112    39
 189    1.9065E-003    6.2889E-003   107    39
 190    1.7158E-003    6.4277E-004   110    34
 191    1.5442E-003    2.4716E-003   111    26
 192    1.3898E-003    1.6378E-004   113    34
 193    1.2508E-003    1.0836E-003   116    45
 194    1.1258E-003    8.4595E-004   117    42
 195    1.0132E-003    6.3489E-004   115    33
 196    9.1186E-004    1.5732E-003   112    36
 197    8.2067E-004    6.2418E-004   114    37
 198    7.3861E-004    8.4036E-004   111    39
 199    6.6475E-004    1.0186E-003   119    36
 200    5.9827E-004    1.7199E-004   113    34
 201    5.3844E-004    9.9951E-005   116    33
 202    4.8460E-004    1.2306E-004   108    48
 203    4.3614E-004    2.4201E-004   116    32
 204    3.9253E-004    4.5124E-004   107    34
 205    3.5327E-004    1.5943E-004   110    32
 206    3.1795E-004    2.9070E-004   116    34
 207    2.8615E-004    1.6557E-004   113    37
 208    2.5754E-004    5.6772E-004   107    34
 209    2.3178E-004    3.1545E-004   115    32
 210    2.0860E-004    6.4457E-004   107    39
 211    1.8774E-004    2.0158E-005   108    37
 212    1.6897E-004    8.6115E-005   117    37
 213    1.5207E-004    9.5187E-006   113    38
 214    1.3687E-004    9.4779E-005   111    42
 215    1.2318E-004    4.9123E-005   112    31
 216    1.1086E-004    6.5905E-005   118    31
 217    9.9775E-005    1.2059E-004   114    36
 218    8.9797E-005    4.3120E-005   113    43
 219    8.0818E-005    6.7051E-005   112    34
 220    7.2736E-005    1.1653E-004   110    41
 221    6.5462E-005    2.1245E-005   109    31
 222    5.8916E-005    8.4647E-005   113    36
 223    5.3024E-005    1.4312E-004   115    38
 224    4.7722E-005    9.1865E-006   116    35
 225    4.2950E-005    2.9177E-005   111    36
 226    3.8655E-005    5.0419E-005   111    34
 227    3.4789E-005    3.7055E-005   116    38
 228    3.1310E-005    4.5871E-006   115    39
 229    2.8179E-005    7.8821E-006   110    36
 230    2.5361E-005    1.9650E-006   113    41
 231    2.2825E-005    2.0426E-005   112    36
 232    2.0543E-005    4.4949E-005   118    36
 233    1.8488E-005    1.1070E-005   106    38
 234    1.6640E-005    1.3192E-005   115    40
 235    1.4976E-005    3.0780E-005   114    40
 236    1.3478E-005    7.7708E-006   115    40
 237    1.2130E-005    2.1984E-006   115    34
 238    1.0917E-005    1.2943E-006   111    35
 239    9.8255E-006    1.5739E-005   115    40
 240    8.8430E-006    9.4494E-006   118    37
 241    7.9587E-006    4.0102E-007   106    38
 242    7.1628E-006    2.1791E-006   112    41
 243    6.4465E-006    6.8693E-006   119    41
 244    5.8019E-006    2.5857E-007   109    41
 245    5.2217E-006    1.0317E-006   114    33
 246    4.6995E-006    4.6637E-006   115    40
 247    4.2296E-006    1.7748E-006   110    36
 248    3.8066E-006    5.5733E-006   112    35
 249    3.4259E-006    2.2227E-006   115    34
 250    3.0834E-006    5.5338E-007   107    35
 251    2.7750E-006    6.0292E-006   115    42
 252    2.4975E-006    1.1690E-007   113    34
 253    2.2478E-006    4.4985E-006   114    45
 254    2.0230E-006    2.9199E-006   117    37
 255    1.8207E-006    6.7897E-007   112    34
 256    1.6386E-006    1.7780E-006   114    34
 257    1.4748E-006    2.1683E-006   107    40
 258    1.3273E-006    7.4094E-007   114    39
 259    1.1946E-006    4.5281E-006   112    38
 260    1.0751E-006    9.3482E-008   115    33
 261    9.6759E-007    3.7136E-006   107    40
 262    8.7083E-007    7.7434E-007   108    32
 263    7.8375E-007    1.8713E-006   115    34
 264    7.0537E-007    2.8592E-007   108    37
 265    6.3484E-007    2.7086E-007   121    39
 266    5.7135E-007    6.4421E-007   112    34
 267    5.1422E-007    9.1124E-007   113    34
 268    4.6279E-007    2.3422E-007   112    37
 269    4.1652E-007    3.8547E-008   119    47
 270    3.7486E-007    2.4192E-007   115    41
 271    3.3738E-007    6.1803E-007   120    38
 272    3.0364E-007    1.7655E-007   116    45
 273    2.7328E-007    1.3274E-007   117    29
 274    2.4595E-007    7.8772E-009   107    39
 275    2.2135E-007    1.9118E-007   111    33
 276    1.9922E-007    6.9064E-009   117    33
 277    1.7930E-007    3.6202E-008   108    37
 278    1.6137E-007    1.7306E-007   114    35
 279    1.4523E-007    1.6669E-007   110    39
 280    1.3071E-007    1.3002E-009   116    30
 281    1.1764E-007    3.6950E-007   112    29
 282    1.0587E-007    3.7631E-008   116    37
 283    9.5285E-008    9.2704E-009   111    38
 284    8.5757E-008    1.0117E-007   117    32
 285    7.7181E-008    7.6980E-008   102    32
 286    6.9463E-008    4.7605E-008   123    40
 287    6.2517E-008    1.1921E-008   109    33
 288    5.6265E-008    1.2795E-007   112    35
 289    5.0639E-008    4.0137E-008   110    39
 290    4.5575E-008    1.2426E-007   113    36
 291    4.1017E-008    5.3348E-008   119    32
 292    3.6916E-008    1.6752E-008   108    32
 293    3.3224E-008    3.8253E-009   112    33
 294    2.9902E-008    6.8698E-009   109    36
 295    2.6911E-008    2.5077E-008   114    41
 296    2.4220E-008    2.5627E-008   110    33
 297    2.1798E-008    4.1111E-008   110    37
 298    1.9618E-008    2.9787E-008   109    35
 299    1.7657E-008    7.4214E-009   110    31
 300    1.5891E-008    5.3082E-009   113    33
 301    1.4302E-008    9.5688E-009   109    35
 302    1.2872E-008    7.1806E-010   114    39
 303    1.1584E-008    4.6427E-009   110    32
 304    1.0426E-008    8.8636E-010   109    34
 305    9.3834E-009    2.5536E-009   111    32
 306    8.4451E-009    1.9636E-009   114    37
 307    7.6006E-009    4.8919E-009   111    44
 308    6.8405E-009    1.8845E-008   116    42
 309    6.1565E-009    4.0355E-009   111    35
 310    5.5408E-009    1.0709E-009   115    37
 311    4.9867E-009    9.0320E-010   114    41
 312    4.4881E-009    5.2154E-009   113    36
 313    4.0393E-009    9.3570E-010   117    32
 314    3.6353E-009    2.2359E-009   110    31
 315    3.2718E-009    3.8736E-009   110    43
 316    2.9446E-009    8.2127E-009   119    43
 317    2.6502E-009    5.6214E-009   111    39
 318    2.3851E-009    1.9427E-010   117    32
 319    2.1466E-009    7.9281E-011   114    38
 320    1.9320E-009    5.6321E-010   111    36
 321    1.7388E-009    1.3422E-010   116    34
 322    1.5649E-009    4.1101E-010   112    40
 323    1.4084E-009    2.9588E-010   114    43
 324    1.2676E-009    2.7091E-009   110    36
 325    1.1408E-009    1.3479E-009   120    35
 326    1.0267E-009    4.2279E-010   113    37
 327    9.2405E-010    2.8217E-010   108    41
 328    8.3165E-010    1.6130E-009   110    32
 329    7.4848E-010    1.3100E-011   113    38
 330    6.7363E-010    8.0745E-010   112    33
 331    6.0627E-010    1.8356E-010   109    32
 332    5.4564E-010    8.9155E-010   112    44
 333    4.9108E-010    8.8324E-010   116    45
 334    4.4197E-010    6.5240E-011   115    33
 335    3.9777E-010    8.4233E-011   110    33
 336    3.5800E-010    1.1889E-010   114    37
 337    3.2220E-010    7.9271E-011   112    36
 338    2.8998E-010    4.7261E-010   113    39
 339    2.6098E-010    2.2555E-011   112    35
 340    2.3488E-010    4.9827E-010   110    38
 341    2.1139E-010    5.0667E-011   114    37
 342    1.9025E-010    8.2450E-011   118    35
 343    1.7123E-010    1.1649E-010   104    38
 344    1.5411E-010    1.3003E-010   112    38
 345    1.3870E-010    3.2694E-011   118    33
 346    1.2483E-010    1.7505E-011   110    39
 347    1.1234E-010    6.1941E-010   107    33
 348    1.0111E-010    4.4820E-010   113    38
 349    9.0998E-011    3.9415E-011   112    37
 350    8.1898E-011    1.0885E-010   115    35
 351    7.3708E-011    1.9853E-011   111    39
 352    6.6338E-011    6.5797E-011   113    38
 353    5.9704E-011    1.0982E-010   120    38
 354    5.3733E-011    4.0046E-011   104    32
 355    4.8360E-011    5.9429E-011   118    35
 356    4.3524E-011    3.2245E-011   110    42
 357    3.9172E-011    6.0950E-013   112    31
 358    3.5254E-011    1.2566E-011   113    32
 359    3.1729E-011    1.2177E-011   113    38
 360    2.8556E-011    3.3515E-012   113    31
 361    2.5701E-011    2.9426E-011   103    35
 362    2.3130E-011    1.4900E-013   116    35
 363    2.0817E-011    5.2439E-012   109    35
 364    1.8736E-011    6.2225E-012   112    37
 365    1.6862E-011    1.2591E-011   116    40
 366    1.5176E-011    1.1075E-011   114    37
 367    1.3658E-011    7.8573E-012   112    36
 368    1.2292E-011    3.5059E-012   117    36
 369    1.1063E-011    1.0626E-011   112    47
 370    9.9569E-012    1.2345E-012   110    39
 371    8.9612E-012    1.0149E-011   110    35
 372    8.0651E-012    5.6322E-012   114    34
 373    7.2586E-012    4.4334E-012   112    38
 374    6.5327E-012    3.2767E-012   119    43
 375    5.8795E-012    1.4964E-013   110    34
 376    5.2915E-012    2.3399E-012   111    38
 377    4.7624E-012    1.1694E-012   117    43
 378    4.2861E-012    1.5685E-011   111    39
 379    3.8575E-012    8.6717E-013   109    36
 380    3.4718E-012    1.1755E-012   116    35
 381    3.1246E-012    1.2976E-011   117    39
 382    2.8121E-012    1.3434E-012   115    36
 383    2.5309E-012    6.6968E-013   118    38
 384    2.2778E-012    5.9282E-012   110    39
 385    2.0500E-012    1.7330E-013   115    33
 386    1.8450E-012    2.0029E-013   115    44
 387    1.6605E-012    5.6875E-013   118    34
 388    1.4945E-012    3.2752E-013   113    34
 389    1.3450E-012    3.0206E-013   110    38
 390    1.2105E-012    1.3731E-012   114    40
 391    1.0895E-012    3.3780E-012   113    41
 392    9.8053E-013    4.7413E-014   114    35
 393    8.8247E-013    4.4201E-013   112    34
 394    7.9423E-013    4.0611E-013   110    32
 395    7.1480E-013    3.4131E-013   116    37
 396    6.4332E-013    5.9546E-014   110    31
 397    5.7899E-013    2.1728E-012   103    35
 398    5.2109E-013    6.6792E-013   110    37
 399    4.6898E-013    1.7856E-012   113    40
 400    4.2208E-013    9.4433E-013   120    45
 401    3.7988E-013    1.0925E-013   114    35
 402    3.4189E-013    1.9895E-013   115    37
 403    3.0770E-013    3.0012E-013   116    45
 404    2.7693E-013    6.7389E-013   116    41
 405    2.4924E-013    2.4111E-013   108    43
 406    2.2431E-013    3.6109E-013   113    39
 407    2.0188E-013    8.7666E-016   116    33
 408    1.8169E-013    1.1058E-013   110    35
 409    1.6352E-013    5.8092E-013   113    44
 410    1.4717E-013    2.1636E-014   120    40
 411    1.3245E-013    9.7768E-016   120    42
 412    1.1921E-013    1.3696E-013   117    34
 413    1.0729E-013    1.3346E-014   107    32
 414    9.6559E-014    3.8597E-013   115    41
 415    8.6904E-014    4.1247E-014   109    38
 416    7.8213E-014    3.8522E-015   113    29
 417    7.0392E-014    3.0843E-014   112    34
 418    6.3353E-014    7.1010E-014   107    36
 419    5.7017E-014    1.2374E-013   115    39
 420    5.1316E-014    3.1472E-014   111    32
 421    4.6184E-014    5.4402E-014   111    32
 422    4.1566E-014    2.3686E-016   115    40
 423    3.7409E-014    1.2747E-016   112    42
 424    3.3668E-014    1.0243E-014   113    41
 425    3.0301E-014    2.5432E-014   111    37
 426    2.7271E-014    1.4749E-014   116    37
 427    2.4544E-014    3.8028E-014   114    37
 428    2.2090E-014    1.1256E-014   113    33
 429    1.9881E-014    3.7426E-015   113    36
 430    1.7893E-014    9.7786E-015   120    39
 431    1.6103E-014    4.5994E-015   110    35
 432    1.4493E-014    8.4032E-015   108    42
 433    1.3044E-014    3.1760E-014   118    40
 434    1.1739E-014    1.4152E-014   111    39
 435    1.0565E-014    1.5790E-014   112    35
 436    9.5089E-015    2.2781E-015   111    39
 437    8.5580E-015    3.8113E-015   119    36
 438    7.7022E-015    4.8471E-015   114    41
 439    6.9320E-015    7.5865E-015   113    39
 440    6.2388E-015    4.9065E-015   110    34
 441    5.6149E-015    5.4988E-015   112    33
 442    5.0534E-015    7.0043E-016   113    34
 443    4.5481E-015    8.6232E-015   117    44
 444    4.0933E-015    1.9323E-015   109    38
 445    3.6839E-015    3.0674E-016   111    31
 446    3.3155E-015    5.3997E-015   111    44
 447    2.9840E-015    8.6444E-016   115    33
 448    2.6856E-015    1.7881E-015   117    41
 449    2.4170E-015    8.1666E-015   112    41
 450    2.1753E-015    1.5685E-015   117    37
 451    1.9578E-015    1.0110E-015   116    43
 452    1.7620E-015    1.1728E-015   114    42
 453    1.5858E-015    3.7787E-017   111    33
 454    1.4272E-015    1.3742E-015   116    39
 455    1.2845E-015    6.4966E-016   110    36
 456    1.1561E-015    9.1030E-016   115    36
 457    1.0405E-015    1.6937E-015   110    41
 458    9.3641E-016    7.0171E-016   118    35
 459    8.4277E-016    2.0266E-015   115    37
 460    7.5849E-016    1.3009E-015   106    37
 461    6.8264E-016    1.6203E-015   113    43
 462    6.1438E-016    2.9615E-016   114    36
 463    5.5294E-016    1.2624E-017   113    36
 464    4.9765E-016    9.0921E-018   111    38
 465    4.4788E-016    3.5084E-016   121    35
 466    4.0309E-016    1.5395E-016   105    38
 467    3.6278E-016    5.0917E-016   118    34
 468    3.2651E-016    6.8640E-016   112    35
 469    2.9385E-016    9.4218E-016   114    41
 470    2.6447E-016    1.2176E-016   116    43
 471    2.3802E-016    1.9699E-016   113    35
 472    2.1422E-016    4.9571E-017   113    40
 473    1.9280E-016    1.0621E-017   110    41
 474    1.7352E-016    1.7772E-016   110    35
 475    1.5617E-016    9.3847E-017   119    39
 476    1.4055E-016    2.0477E-016   106    40
 477    1.2649E-016    3.1864E-017   111    32
 478    1.1385E-016    8.1510E-016   108    40
 479    1.0246E-016    5.4546E-017   111    33
 480    9.2215E-017    9.5644E-018   114    37
 481    8.2993E-017    7.2058E-017   114    34
 482    7.4694E-017    7.1873E-017   117    39
 483    6.7225E-017    1.7499E-017   105    33
 484    6.0502E-017    3.7670E-017   116    34
 485    5.4452E-017    4.3370E-017   113    36
 486    4.9007E-017    5.5877E-017   113    39
 487    4.4106E-017    3.6123E-017   110    38
 488    3.9695E-017    5.2019E-017   112    36
 489    3.5726E-017    6.8689E-017   108    37
 490    3.2153E-017    3.4277E-017   111    34
 491    2.8938E-017    8.7347E-018   111    38
 492    2.6044E-017    1.0279E-017   111    43
 493    2.3440E-017    4.2155E-017   115    35
 494    2.1096E-017    1.2337E-017   109    39
 495    1.8986E-017    4.5776E-018   116    41
 496    1.7088E-017    1.9271E-018   114    37
 497    1.5379E-017    2.0133E-017   112    35
 498    1.3841E-017    3.9446E-017   116    34
 499    1.2457E-017    1.3190E-017   109    32
 500    1.1211E-017    1.6369E-017   110    39
 501    1.0090E-017    3.4773E-018   119    33
 502    9.0810E-018    3.7335E-018   113    39
 503    8.1729E-018    3.6293E-017   114    39
 504    7.3556E-018    1.7427E-018   109    31
 505    6.6201E-018    1.6640E-017   111    43
 506    5.9581E-018    1.5056E-017   116    37
 507    5.3623E-018    1.4712E-018   107    30
 508    4.8260E-018    7.1767E-019   117    33
 509    4.3434E-018    2.1518E-018   109    39
 510    3.9091E-018    2.1828E-018   108    33
 511    3.5182E-018    2.7891E-018   115    38
 512    3.1664E-018    9.7928E-018   112    37
 513    2.8497E-018    2.3880E-019   111    37
 514    2.5648E-018    5.5295E-020   112    36
 515    2.3083E-018    1.6078E-018   114    35
 516    2.0775E-018    3.0543E-018   114    38
 517    1.8697E-018    1.3230E-018   113    39
 518    1.6827E-018    1.8138E-018   108    41
 519    1.5145E-018    1.5243E-019   115    36
 520    1.3630E-018    2.1586E-018   115    43
 521    1.2267E-018    9.9684E-019   117    35
 522    1.1040E-018    6.1388E-019   115    36
 523    9.9364E-019    7.6842E-020   110    37
 524    8.9427E-019    6.4287E-019   111    42
 525    8.0485E-019    1.3785E-018   107    33
 526    7.2436E-019    2.3821E-019   116    37
 527    6.5193E-019    1.4985E-019   112    35
 528    5.8673E-019    9.1744E-019   106    38
 529    5.2806E-019    1.0451E-019   116    38
 530    4.7525E-019    9.1141E-020   114    41
 531    4.2773E-019    4.5091E-019   111    37
 532    3.8496E-019    1.5988E-019   114    44
 533    3.4646E-019    5.4162E-019   116    35
 534    3.1181E-019    2.7718E-019   113    37
 535    2.8063E-019    8.2673E-021   110    38
 536    2.5257E-019    2.7919E-019   120    44
 537    2.2731E-019    2.1343E-019   124    43
 538    2.0458E-019    3.0188E-020   107    39
 539    1.8412E-019    2.8731E-019   115    37
 540    1.6571E-019    1.1269E-019   112    36
 541    1.4914E-019    7.7042E-020   113    38
 542    1.3423E-019    1.0854E-019   113    34
 543    1.2080E-019    2.6332E-019   113    37
 544    1.0872E-019    6.2968E-021   112    37
 545    9.7851E-020    3.4214E-019   114    38
 546    8.8066E-020    5.3667E-020   109    42
 547    7.9259E-020    1.1688E-019   116    35
 548    7.1333E-020    3.2655E-020   113    35
 549    6.4200E-020    8.9875E-021   110    39
 550    5.7780E-020    8.0519E-021   115    40
 551    5.2002E-020    1.0507E-020   114    39
 552    4.6802E-020    2.1385E-020   114    37
 553    4.2121E-020    7.6261E-020   114    36
 554    3.7909E-020    2.6114E-020   111    42
 555    3.4118E-020    7.9663E-020   113    42
 556    3.0707E-020    1.7684E-020   116    35
 557    2.7636E-020    4.5920E-020   109    38
 558    2.4872E-020    6.8115E-021   118    37
 559    2.2385E-020    1.6369E-020   118    36
 560    2.0147E-020    5.1940E-020   111    45
 561    1.8132E-020    3.5446E-020   114    32
 562    1.6319E-020    3.6952E-022   116    36
 563    1.4687E-020    5.4716E-021   113    37
 564    1.3218E-020    2.3197E-021   115    35
 565    1.1896E-020    8.1221E-021   114    40
 566    1.0707E-020    1.5064E-021   115    37
 567    9.6360E-021    1.1617E-020   117    49
 568    8.6724E-021    1.4501E-020   115    37
 569    7.8052E-021    1.0683E-020   111    32
 570    7.0247E-021    2.0226E-021   118    37
 571    6.3222E-021    3.8150E-021   108    38
 572    5.6900E-021    1.6597E-022   119    33
 573    5.1210E-021    2.8793E-021   108    39
 574    4.6089E-021    2.1976E-021   107    29
 575    4.1480E-021    4.5348E-021   117    41
 576    3.7332E-021    1.3000E-022   114    35
 577    3.3599E-021    4.5006E-021   105    39
 578    3.0239E-021    3.3646E-022   114    32
 579    2.7215E-021    3.0577E-022   112    38
 580    2.4494E-021    1.8216E-021   113    43
 581    2.2044E-021    5.3405E-021   113    34
 582    1.9840E-021    5.8097E-022   111    36
 583    1.7856E-021    3.6872E-022   111    37
 584    1.6070E-021    2.2306E-021   116    38
 585    1.4463E-021    8.9160E-022   112    35
 586    1.3017E-021    4.1632E-021   113    35
 587    1.1715E-021    3.6739E-021   117    40
 588    1.0544E-021    6.1519E-023   109    33
 589    9.4893E-022    3.9689E-022   111    36
 590    8.5404E-022    1.2602E-021   117    37
 591    7.6863E-022    7.1936E-023   101    30
 592    6.9177E-022    1.3880E-021   117    42
 593    6.2259E-022    2.6946E-022   116    43
 594    5.6033E-022    1.1054E-021   111    41
 595    5.0430E-022    2.3271E-022   111    35
 596    4.5387E-022    1.5917E-022   120    34
 597    4.0848E-022    3.0158E-022   110    38
 598    3.6763E-022    9.0716E-022   110    45
 599    3.3087E-022    1.3104E-022   113    30
 600    2.9778E-022    2.1673E-022   115    41
 601    2.6801E-022    2.2442E-022   108    39
 602    2.4121E-022    3.4903E-023   119    34
 603    2.1708E-022    1.6116E-022   117    40
 604    1.9538E-022    2.1673E-022   113    42
 605    1.7584E-022    1.1798E-023   116    36
 606    1.5825E-022    2.1080E-022   113    40
 607    1.4243E-022    1.5035E-023   109    29
 608    1.2819E-022    1.0154E-022   105    44
 609    1.1537E-022    2.6427E-024   119    29
 610    1.0383E-022    6.4385E-024   106    44
 611    9.3448E-023    4.3796E-023   120    36
 612    8.4103E-023    1.6198E-022   112    36
 613    7.5693E-023    2.3012E-023   106    32
 614    6.8123E-023    7.2237E-023   120    41
 615    6.1311E-023    1.3479E-022   115    40
 616    5.5180E-023    1.1037E-022   120    37
 617    4.9662E-023    1.6594E-023   114    34
 618    4.4696E-023    1.4917E-023   110    39
 619    4.0226E-023    5.7764E-023   122    40
 620    3.6204E-023    1.1515E-023   109    35
 621    3.2583E-023    9.1738E-024   119    40
 622    2.9325E-023    1.5779E-024   117    34
 623    2.6392E-023    1.4626E-023   108    35
 624    2.3753E-023    1.6129E-023   108    37
 625    2.1378E-023    1.7794E-024   115    30
 626    1.9240E-023    2.6292E-024   109    32
 627    1.7316E-023    7.0193E-024   108    43
 628    1.5584E-023    5.2626E-023   111    31
 629    1.4026E-023    6.0813E-023   112    40
 630    1.2623E-023    4.2407E-024   113    35
 631    1.1361E-023    4.0537E-024   115    37
 632    1.0225E-023    3.1420E-024   114    36
 633    9.2025E-024    5.7652E-025   111    39
 634    8.2822E-024    4.8167E-025   115    34
 635    7.4540E-024    1.1651E-024   119    38
 636    6.7086E-024    1.5181E-024   113    35
 637    6.0377E-024    7.0815E-024   113    35
 638    5.4340E-024    9.5498E-024   108    39
 639    4.8906E-024    5.9983E-025   120    27
 640    4.4015E-024    3.3666E-024   106    42
 641    3.9614E-024    2.1005E-025   114    42
 642    3.5652E-024    8.1439E-025   114    42
 643    3.2087E-024    7.3878E-025   114    37
 644    2.8878E-024    6.1739E-025   109    39
 645    2.5990E-024    9.2644E-025   119    41
 646    2.3391E-024    9.9042E-025   111    31
 647    2.1052E-024    2.7433E-024   115    37
 648    1.8947E-024    2.9354E-024   109    39
 649    1.7052E-024    1.3879E-024   117    33
 650    1.5347E-024    2.6420E-025   105    43
 651    1.3812E-024    4.9060E-025   114    32
 652    1.2431E-024    1.0481E-025   112    35
 653    1.1188E-024    9.0939E-025   108    39
 654    1.0069E-024    6.2944E-025   114    39
 655    9.0623E-025    1.3414E-024   110    38
 656    8.1561E-025    7.9636E-025   114    40
 657    7.3405E-025    8.7352E-025   108    38
 658    6.6064E-025    2.5572E-024   117    32
 659    5.9458E-025    1.3813E-024   117    34
 660    5.3512E-025    1.3862E-024   115    42
 661    4.8161E-025    1.1558E-024   114    42
 662    4.3345E-025    6.9855E-025   112    36
 663    3.9010E-025    3.8840E-025   116    38
 664    3.5109E-025    2.2012E-025   112    36
 665    3.1598E-025    5.7392E-026   111    40
 666    2.8439E-025    4.4091E-025   114    41
 667    2.5595E-025    2.5630E-026   113    30
 668    2.3035E-025    8.3077E-026   115    41
 669    2.0732E-025    3.5392E-025   108    44
 670    1.8659E-025    4.8149E-026   116    38
 671    1.6793E-025    1.5934E-025   113    35
 672    1.5113E-025    2.7866E-026   102    33
 673    1.3602E-025    1.5497E-025   119    36
 674    1.2242E-025    2.7294E-025   115    43
 675    1.1018E-025    2.2000E-026   110    36
 676    9.9159E-026    2.9592E-026   116    38
 677    8.9243E-026    1.7940E-025   117    40
 678    8.0319E-026    8.3191E-026   111    30
 679    7.2287E-026    4.6107E-025   117    42
 680    6.5058E-026    4.8680E-026   109    36
 681    5.8552E-026    2.0858E-026   115    32
 682    5.2697E-026    9.6450E-027   110    34
 683    4.7427E-026    1.1941E-026   118    38
 684    4.2685E-026    5.1912E-026   118    40
 685    3.8416E-026    5.3941E-026   110    39
 686    3.4575E-026    1.2663E-026   117    39
 687    3.1117E-026    3.7960E-026   115    37
 688    2.8005E-026    1.2774E-025   124    45
 689    2.5205E-026    4.2588E-026   110    29
 690    2.2684E-026    1.9125E-026   121    31
 691    2.0416E-026    5.0390E-027   106    36
 692    1.8374E-026    1.1937E-026   109    36
 693    1.6537E-026    3.7320E-026   114    39
 694    1.4883E-026    8.7453E-027   114    38
 695    1.3395E-026    1.7621E-026   118    41
 696    1.2055E-026    9.4140E-028   110    39
 697    1.0850E-026    3.4945E-027   113    45
 698    9.7649E-027    6.4523E-027   112    37
 699    8.7884E-027    1.3902E-028   111    32
 700    7.9096E-027    1.9303E-026   110    45
 701    7.1186E-027    1.1102E-026   113    35
 702    6.4067E-027    1.2413E-026   116    41
 703    5.7661E-027    1.4617E-026   109    39
 704    5.1895E-027    4.1740E-027   112    34
 705    4.6705E-027    3.5681E-027   113    35
 706    4.2035E-027    5.1500E-028   107    29
 707    3.7831E-027    2.8851E-027   112    40
 708    3.4048E-027    6.1139E-028   108    34
 709    3.0643E-027    9.9160E-029   114    36
 710    2.7579E-027    3.8020E-027   116    47
 711    2.4821E-027    3.0089E-027   109    37
 712    2.2339E-027    7.9955E-027   116    34
 713    2.0105E-027    2.6973E-028   113    30
 714    1.8095E-027    7.5274E-028   110    40
 715    1.6285E-027    2.9490E-027   122    40
 716    1.4657E-027    5.4054E-028   108    43
 717    1.3191E-027    1.3552E-027   117    36
 718    1.1872E-027    1.5706E-027   116    31
 719    1.0685E-027    1.5232E-027   121    45
 720    9.6162E-028    4.7846E-028   111    38
 721    8.6546E-028    2.5625E-028   107    37
 722    7.7891E-028    1.1701E-027   115    34
 723    7.0102E-028    2.5615E-029   112    32
 724    6.3092E-028    9.1092E-028   112    36
 725    5.6783E-028    1.2053E-028   111    44
 726    5.1104E-028    3.0929E-029   112    37
 727    4.5994E-028    4.2763E-028   113    41
 728    4.1395E-028    5.2259E-028   116    42
 729    3.7255E-028    1.1645E-028   120    45
 730    3.3530E-028    2.4156E-028   121    41
 731    3.0177E-028    1.3088E-027   119    43
 732    2.7159E-028    1.2890E-027   114    41
 733    2.4443E-028    2.8331E-028   114    40
 734    2.1999E-028    4.9193E-028   120    40
 735    1.9799E-028    3.8206E-029   114    29
 736    1.7819E-028    4.1720E-031   111    40
