
*** Testing procedure CalcFrequency ***

   0 2535538.000000 2535538.000000      2611870.000000 2611870.000000
   1   56815.967489   56815.967489         2951.284548    2951.284549
   2   20932.567275   20932.567275        85310.894200   85310.894200
   3   53255.869725   53255.869725        32744.446707   32744.446707
   4  135056.009842  135056.009842       -61520.730733  -61520.730733
   5  -97610.153835  -97610.153835        80016.974218   80016.974218
   6   -9424.035118   -9424.035118      -117900.118873 -117900.118873
   7   18613.005201   18613.005201        16811.541481   16811.541481
   8  -24137.100999  -24137.100999        39685.967328   39685.967328
   9  -48794.025805  -48794.025805       127395.492617  127395.492617
  10  -16997.429833  -16997.429833      -133791.848810 -133791.848810
  11   22044.795928   22044.795928       -29989.427745  -29989.427745
  12    2328.601806    2328.601806       -21716.758859  -21716.758859
  13  -28048.419796  -28048.419796        97545.861173   97545.861173
  14   89989.836893   89989.836893       -74144.508752  -74144.508752
  15    4013.915876    4013.915876       -38641.728327  -38641.728327
  16  -65729.213811  -65729.213811       -58489.377260  -58489.377260
  17  -17121.711015  -17121.711015       -17589.151770  -17589.151770
  18  -43060.293249  -43060.293249        61798.710875   61798.710875
  19  -41323.613118  -41323.613118       -58449.117015  -58449.117015
  20  -61522.095235  -61522.095235       120344.020579  120344.020579
  21  -39443.144471  -39443.144471        -4260.050077   -4260.050077
  22  -31864.944276  -31864.944276        12502.193842   12502.193842
  23  -50324.982767  -50324.982767      -147900.006378 -147900.006378
  24   90509.465700   90509.465700        65541.541329   65541.541329
  25   18638.297523   18638.297523        99870.914084   99870.914084
  26   21972.413567   21972.413567       -76672.265675  -76672.265675
  27  -25383.641248  -25383.641248        40778.828644   40778.828644
  28  118019.648586  118019.648586        11648.096389   11648.096389
  29   82599.441160   82599.441160        81978.147034   81978.147034
  30    9676.988861    9676.988861       -22517.520113  -22517.520113
  31   13562.172184   13562.172184       -14154.682226  -14154.682226
  32  -60086.142485  -60086.142485       -18639.228469  -18639.228469
  33 -138429.481746 -138429.481746        16025.565482   16025.565482
  34  -14486.180210  -14486.180210        84455.385636   84455.385636
  35  -91143.030733  -91143.030733       -44821.882931  -44821.882931
  36 -153251.212345 -153251.212345        81744.685715   81744.685715
  37 -143336.067984 -143336.067984       -47302.747645  -47302.747645
  38  -48524.560605  -48524.560605          699.269042     699.269042
  39   44005.239814   44005.239814       -25772.475246  -25772.475246
  40   -7249.627637   -7249.627637        26999.334825   26999.334825
  41  111028.565986  111028.565986       -37965.931745  -37965.931745
  42  -50352.910713  -50352.910713         5410.336542    5410.336542
  43  -20838.413637  -20838.413637       -35088.511408  -35088.511408
  44   86214.175807   86214.175807        36785.373346   36785.373346
  45    4087.431687    4087.431687       -24075.055147  -24075.055147
  46  -34525.967472  -34525.967472        92552.898063   92552.898063
  47   32040.744955   32040.744955        -4980.363901   -4980.363901
  48  -36418.619721  -36418.619721        47105.206320   47105.206320
  49   54265.397782   54265.397782        84470.518468   84470.518468
  50   76461.809210   76461.809210         3173.116379    3173.116379
  51   44362.631393   44362.631393        -9763.145233   -9763.145233
  52  -17553.792169  -17553.792169        21202.967492   21202.967492
  53  116152.168379  116152.168379       -72474.337109  -72474.337109
  54  -31784.447998  -31784.447998       -38544.484375  -38544.484375
  55    1195.658820    1195.658820        19989.132520   19989.132520
  56  145371.289227  145371.289227       -85393.907136  -85393.907136
  57   26544.379017   26544.379016      -186587.135296 -186587.135296
  58  118586.956777  118586.956777        93356.138872   93356.138872
  59    -985.990925    -985.990925       -54261.863110  -54261.863110
  60  -23275.035587  -23275.035587       -49475.533025  -49475.533025
  61   98423.777591   98423.777591       -23141.649117  -23141.649117
  62   72714.534623   72714.534623       -77815.674958  -77815.674958
  63   22945.918569   22945.918569        -8177.521000   -8177.521000
  64  -36040.864812  -36040.864812        32162.202928   32162.202928
  65  -64738.485727  -64738.485727         2133.788236    2133.788236
  66  -24366.346548  -24366.346548       104644.110312  104644.110312
  67  -29062.089272  -29062.089272        -3175.668414   -3175.668414
  68   16432.712451   16432.712451       -14335.191282  -14335.191282
  69  147726.752947  147726.752947         8491.447784    8491.447784
  70  -87193.014382  -87193.014382      -118189.567830 -118189.567830
  71   34844.767504   34844.767504       -24908.522275  -24908.522275
  72  118209.131969  118209.131969       -78579.489877  -78579.489877
  73  -51622.070210  -51622.070210        34583.387793   34583.387793
  74   77720.765609   77720.765609       -44113.447666  -44113.447666
  75  -18150.896657  -18150.896657        38631.851157   38631.851157
  76  -21798.760699  -21798.760699       -28905.518200  -28905.518200
  77    -954.810426    -954.810426       -29605.540002  -29605.540002
  78   15058.603813   15058.603813        20862.825828   20862.825828
  79  166268.896203  166268.896203        89014.975759   89014.975759
  80   77366.899986   77366.899986       -69485.011544  -69485.011544
  81  -55222.894269  -55222.894269        79815.543436   79815.543436
  82     267.015071     267.015071       -39174.612492  -39174.612492
  83   79005.698169   79005.698169        38440.292692   38440.292692
  84   57428.629927   57428.629927       -86697.633705  -86697.633705
  85  -24247.748619  -24247.748619       -22549.210693  -22549.210693
  86  -50022.052541  -50022.052541       -68091.624603  -68091.624603
  87   22455.455021   22455.455021        29284.008451   29284.008451
  88   36703.941619   36703.941619      -125409.444184 -125409.444184
  89  -67003.362761  -67003.362761       161316.897415  161316.897415
  90   17862.061482   17862.061482        34635.326927   34635.326927
  91  129394.125260  129394.125260       -56579.364368  -56579.364368
  92  -82958.820903  -82958.820903        26753.189757   26753.189757
  93  -72585.442674  -72585.442674      -136755.525797 -136755.525797
  94  -83786.395015  -83786.395015       -51731.150049  -51731.150049
  95   -3251.406050   -3251.406050        45104.911092   45104.911092
  96  -54210.431824  -54210.431824        72081.275744   72081.275744
  97  -16778.168155  -16778.168155        20521.654375   20521.654375
  98  -24854.781251  -24854.781251       -29781.012899  -29781.012899
  99  -61614.939030  -61614.939030       -58977.133873  -58977.133873
 100  -20992.408149  -20992.408149      -114914.934986 -114914.934986
 101   53744.721744   53744.721744      -162631.411572 -162631.411572
 102  -90139.269917  -90139.269917        15161.997161   15161.997161
 103  160605.778009  160605.778009       -73729.101516  -73729.101516
 104   14359.023584   14359.023584        74472.724892   74472.724892
 105  -36596.237822  -36596.237822         3662.485893    3662.485893
 106  -69822.887770  -69822.887770        45453.195530   45453.195530
 107  101799.139453  101799.139453        57140.857837   57140.857837
 108  -86196.915670  -86196.915670        82024.666524   82024.666524
 109   11311.796514   11311.796514        28958.649194   28958.649194
 110   17222.480584   17222.480584       -27294.906286  -27294.906286
 111   85319.216366   85319.216366        53250.395594   53250.395594
 112 -115616.825719 -115616.825719        37218.418938   37218.418938
 113   20868.454557   20868.454557       -38645.027864  -38645.027864
 114   35827.079357   35827.079357        13942.914395   13942.914395
 115   28696.917445   28696.917445         7470.746676    7470.746676
 116  -50961.550967  -50961.550967       -14213.907933  -14213.907933
 117   18474.836713   18474.836713       -29421.962511  -29421.962511
 118   30197.461368   30197.461368        65624.575224   65624.575224
 119  -48934.081768  -48934.081768       -22798.179832  -22798.179832
 120  -27941.771268  -27941.771268        50957.877635   50957.877635
 121   20978.247283   20978.247283        26268.791988   26268.791988
 122    2789.553998    2789.553998       -78757.561167  -78757.561167
 123  -47362.236641  -47362.236641       -21966.397131  -21966.397131
 124  133521.871936  133521.871936       -58396.000975  -58396.000975
 125  -24606.297324  -24606.297324       -57934.955668  -57934.955668
 126   -9221.132616   -9221.132616         1263.359129    1263.359129
 127   25787.837871   25787.837871       -24242.094840  -24242.094840
 128  -54772.000000  -54772.000000       -27898.000000  -27898.000000
 129  110568.690888  110568.690888        68769.962392   68769.962392
 130  -27966.464546  -27966.464546        78018.233028   78018.233028
 131   -5445.269502   -5445.269502      -110795.808518 -110795.808518
 132   64856.241942   64856.241942       -92852.339709  -92852.339709
 133   55554.594754   55554.594754          231.629225     231.629225
 134  -46217.244595  -46217.244595        52825.872211   52825.872211
 135   56109.950990   56109.950990       -88688.472362  -88688.472362
 136   87693.730803   87693.730803       -28969.023685  -28969.023685
 137  -72440.559490  -72440.559490        52112.738721   52112.738721
 138    9304.445738    9304.445738       115069.766255  115069.766255
 139  -28874.054350  -28874.054350       -37384.497498  -37384.497498
 140 -106908.897518 -106908.897518       -58941.449341  -58941.449341
 141   30129.685667   30129.685667        25568.251906   25568.251906
 142  -44035.955721  -44035.955721       -52630.028802  -52630.028802
 143  -41632.145925  -41632.145925       -29053.455124  -29053.455124
 144  -27115.348759  -27115.348759       -55179.866702  -55179.866702
 145  -20482.618232  -20482.618233         3005.026169    3005.026169
 146    8694.786486    8694.786486       -81608.488881  -81608.488881
 147   43524.818914   43524.818914        31355.165971   31355.165971
 148  -52983.629591  -52983.629591        38598.396506   38598.396506
 149   29007.506642   29007.506642       -20701.281584  -20701.281584
 150  145140.737883  145140.737883       -80212.324566  -80212.324566
 151  -75976.923344  -75976.923344       -74725.051900  -74725.051900
 152   31088.398458   31088.398458        59460.319281   59460.319281
 153  103678.733416  103678.733416        -2339.642667   -2339.642667
 154    2243.366838    2243.366838        94234.271547   94234.271547
 155   35377.336628   35377.336628         4494.420629    4494.420629
 156   24327.622371   24327.622371       -20680.454358  -20680.454358
 157   40146.411852   40146.411852        -2242.748157   -2242.748157
 158   -4415.632814   -4415.632814        82429.261279   82429.261279
 159  -22387.533554  -22387.533554        16094.567100   16094.567100
 160  -68720.305315  -68720.305315       -82097.602585  -82097.602585
 161   94652.388881   94652.388881        15871.026369   15871.026369
 162    9574.230440    9574.230440       -80840.697923  -80840.697923
 163  -48452.048805  -48452.048805       111914.148673  111914.148673
 164  -95303.069424  -95303.069424       -72402.082888  -72402.082888
 165   63823.331611   63823.331611       -65687.841876  -65687.841876
 166  -25710.418565  -25710.418565       -11282.579342  -11282.579342
 167  116562.263196  116562.263196       -39475.962741  -39475.962741
 168  -39883.997550  -39883.997550       112578.056988  112578.056988
 169   39906.200122   39906.200122       -77665.936530  -77665.936530
 170   23437.634870   23437.634870        21100.060810   21100.060810
 171  -24827.472501  -24827.472501         9836.988415    9836.988415
 172   -7692.096444   -7692.096444       -38045.342278  -38045.342278
 173   51692.439055   51692.439055       -91964.816168  -91964.816168
 174   20276.295815   20276.295815        32202.973140   32202.973140
 175   19589.309812   19589.309812       -51241.481733  -51241.481733
 176    8373.915645    8373.915645        46029.880770   46029.880770
 177   89639.671211   89639.671211        90062.189947   90062.189947
 178  -40973.817300  -40973.817300       152969.156188  152969.156188
 179   15743.064552   15743.064552        19804.365929   19804.365929
 180   -7177.384496   -7177.384496       -17183.569829  -17183.569829
 181   -8164.571584   -8164.571584       -19627.900877  -19627.900877
 182  -90944.657813  -90944.657813        19009.660718   19009.660718
 183    1057.428515    1057.428515        93600.920261   93600.920261
 184   99172.671735   99172.671735       -23655.754731  -23655.754731
 185  -42370.074062  -42370.074062        87279.990452   87279.990452
 186  -19982.904867  -19982.904867       -53393.418114  -53393.418114
 187 -148631.644996 -148631.644996       -12693.579848  -12693.579848
 188   59921.558941   59921.558941       -15059.448632  -15059.448632
 189   57241.908076   57241.908076        34943.091223   34943.091223
 190  -34698.031971  -34698.031971         5909.168894    5909.168894
 191   39046.517273   39046.517273        55375.011580   55375.011580
 192   23119.589253   23119.589253       -43967.912217  -43967.912217
 193   83221.199278   83221.199278        63533.361731   63533.361731
 194  -86345.972449  -86345.972449        41237.453884   41237.453884
 195   11054.532966   11054.532966        85563.490724   85563.490724
 196  -38358.249245  -38358.249245        92798.175120   92798.175120
 197     773.568876     773.568876        -5953.948293   -5953.948293
 198   45310.956563   45310.956563        20617.828236   20617.828236
 199  -21708.976912  -21708.976912        63491.981664   63491.981664
 200  -40357.411113  -40357.411113       -64219.246532  -64219.246532
 201  -34704.152508  -34704.152508         5371.435142    5371.435142
 202   68035.531332   68035.531332        92924.538223   92924.538223
 203   15709.734482   15709.734482        61790.074548   61790.074548
 204   57788.895614   57788.895614        24102.677469   24102.677469
 205  -65912.418597  -65912.418597       -41464.504715  -41464.504715
 206  -56794.187354  -56794.187354      -134455.924767 -134455.924767
 207  -69654.600031  -69654.600031       -19204.452394  -19204.452394
 208  -55852.575428  -55852.575428       -65058.151658  -65058.151658
 209  109547.891143  109547.891143      -100743.393807 -100743.393807
 210   70922.109603   70922.109603       -59889.247020  -59889.247020
 211   37284.388091   37284.388091      -106611.483540 -106611.483540
 212      99.997441      99.997441        20071.212359   20071.212359
 213   19936.300077   19936.300077       183638.936430  183638.936430
 214   76493.991179   76493.991179        50072.664990   50072.664990
 215  -84904.041537  -84904.041537        -7332.446142   -7332.446142
 216   47931.119581   47931.119581       -13945.668074  -13945.668074
 217  -25256.568163  -25256.568163        23950.509961   23950.509961
 218   68635.075978   68635.075978       -59840.767322  -59840.767322
 219  -29088.652294  -29088.652294        35335.215797   35335.215797
 220  171524.534928  171524.534928       -51858.414405  -51858.414405
 221   62134.769791   62134.769791       -72572.956988  -72572.956988
 222 -117784.042643 -117784.042643        66247.905615   66247.905615
 223 -107331.661074 -107331.661074        -2334.723523   -2334.723523
 224   17361.208748   17361.208748        23457.447106   23457.447106
 225 -103196.128496 -103196.128496         9565.663241    9565.663241
 226   36265.429882   36265.429882       -17231.296416  -17231.296416
 227   46719.622157   46719.622157       -21060.867360  -21060.867360
 228  -51876.173864  -51876.173864        -1653.061376   -1653.061376
 229   24785.239225   24785.239225       111616.568614  111616.568614
 230  -68186.028901  -68186.028901         4341.738258    4341.738258
 231   -4499.660439   -4499.660439       -22923.604530  -22923.604530
 232  -50181.400243  -50181.400243         -123.479259    -123.479259
 233  -33505.011109  -33505.011109        21596.546700   21596.546700
 234  -49663.910563  -49663.910563         2658.390811    2658.390811
 235 -100334.687491 -100334.687491       -63338.195058  -63338.195058
 236   10095.429352   10095.429352        51142.659106   51142.659106
 237  -70958.874168  -70958.874168       -68880.633085  -68880.633085
 238  -47676.105456  -47676.105456        52865.004612   52865.004612
 239 -146448.431867 -146448.431867        41697.203438   41697.203438
 240   26603.074828   26603.074828       -32576.568227  -32576.568227
 241  -24510.126181  -24510.126181        73331.236059   73331.236059
 242  -45680.697606  -45680.697606        17346.285997   17346.285997
 243  -80364.909500  -80364.909500          833.729787     833.729787
 244   81189.653005   81189.653005       -16588.179875  -16588.179875
 245  -54455.971878  -54455.971878        25207.544292   25207.544292
 246   -8812.989383   -8812.989383        29697.670737   29697.670737
 247   87619.736084   87619.736084        22661.015746   22661.015746
 248   48908.972738   48908.972738      -161511.278794 -161511.278794
 249  142770.359026  142770.359026      -102773.224197 -102773.224197
 250   16891.003481   16891.003481        67265.180213   67265.180213
 251   -2559.844080   -2559.844080       -80967.983369  -80967.983369
 252 -146902.568531 -146902.568531        12891.311321   12891.311321
 253  -36181.638861  -36181.638861       -90454.486404  -90454.486404
 254   22704.645150   22704.645150        38089.966960   38089.966960
 255   19252.888843   19252.888843       -41113.849132  -41113.849132
 256   41230.000000   41230.000000      -142674.000000 -142674.000000
 257  -30663.790848  -30663.790848       -71534.202824  -71534.202824
 258  -92845.685613  -92845.685613       -70316.273959  -70316.273959
 259  -77372.143262  -77372.143262       -81753.709535  -81753.709535
 260  -72181.283250  -72181.283250        88493.483171   88493.483171
 261  -74745.145118  -74745.145118        -3508.181327   -3508.181327
 262    3244.008543    3244.008543       110449.588823  110449.588823
 263  -46498.431500  -46498.431500       -80665.054786  -80665.054786
 264   98412.737943   98412.737943       148859.968989  148859.968989
 265   -8092.026989   -8092.026989      -167626.699976 -167626.699976
 266   24861.043570   24861.043570       -13410.500550  -13410.500550
 267   42472.108619   42472.108619       -40069.841360  -40069.841360
 268   91376.240460   91376.240460        52906.378143   52906.378143
 269    -824.320229    -824.320229       -12297.149977  -12297.149977
 270  -87644.972997  -87644.972997        67702.739785   67702.739785
 271  172629.619549  172629.619549       -50481.925019  -50481.925019
 272   -4539.914589   -4539.914589       -13827.784348  -13827.784348
 273  -52913.296107  -52913.296107       -54020.693326  -54020.693326
 274   56744.841960   56744.841960       -71463.655100  -71463.655100
 275  -28781.651377  -28781.651377        65387.101361   65387.101361
 276  -28192.271657  -28192.271657       -48660.729300  -48660.729300
 277  105791.496474  105791.496474        91181.962921   91181.962921
 278  156466.896385  156466.896385       -51496.351912  -51496.351912
 279  -45372.233565  -45372.233565      -173054.162467 -173054.162467
 280   21820.099308   21820.099308       -27201.665492  -27201.665492
 281  110475.386791  110475.386791       126027.966605  126027.966605
 282   46355.189312   46355.189312        85272.405615   85272.405615
 283   14978.359577   14978.359577       -90530.289739  -90530.289739
 284   87005.773723   87005.773723       -40488.213821  -40488.213821
 285   10537.567446   10537.567446       141711.678277  141711.678277
 286   73265.154994   73265.154994        27491.674619   27491.674619
 287   23692.823700   23692.823700        81324.392711   81324.392711
 288   -4306.372172   -4306.372172       -77865.283266  -77865.283266
 289  -49154.580769  -49154.580769       -22579.536875  -22579.536875
 290  -38826.247067  -38826.247067        42430.868804   42430.868804
 291  -42945.640691  -42945.640691        54725.118813   54725.118813
 292  139496.922825  139496.922825         -199.377650    -199.377650
 293  -88837.685012  -88837.685012        76363.267668   76363.267668
 294  -79974.688192  -79974.688192       -14039.905004  -14039.905004
 295 -114988.721977 -114988.721977        98897.012750   98897.012750
 296  -95421.252793  -95421.252793         3838.311911    3838.311911
 297  -59615.206022  -59615.206022         5159.187997    5159.187997
 298   11799.365320   11799.365320       -19912.683742  -19912.683742
 299 -156473.973613 -156473.973613       106747.560714  106747.560714
 300   -6190.841927   -6190.841927        26559.840960   26559.840960
 301   -6996.940313   -6996.940313       -98957.064763  -98957.064763
 302  -34189.388166  -34189.388166        71490.475757   71490.475757
 303  -25139.539222  -25139.539222        16768.837220   16768.837220
 304  176228.121114  176228.121114       -46276.089220  -46276.089220
 305   98800.344640   98800.344640        11257.744863   11257.744863
 306  -77530.611224  -77530.611224        26941.528325   26941.528325
 307  -36653.079518  -36653.079518       -18126.410218  -18126.410218
 308    9747.040554    9747.040554      -105389.120890 -105389.120890
 309   63168.336605   63168.336605       -38296.439867  -38296.439867
 310  119022.209561  119022.209561        15952.892955   15952.892955
 311   98859.196048   98859.196048         5383.628108    5383.628108
 312  -25269.973401  -25269.973401        -3300.457288   -3300.457288
 313 -112137.117112 -112137.117112        81712.957141   81712.957141
 314   71125.131834   71125.131834       -31997.760823  -31997.760823
 315  124541.050958  124541.050958       -14766.096293  -14766.096293
 316   -4516.422323   -4516.422323       -18262.931269  -18262.931269
 317    8528.779046    8528.779046        24693.324502   24693.324502
 318  -32198.997868  -32198.997868         6286.185520    6286.185520
 319   55252.007023   55252.007023        63587.869664   63587.869664
 320 -179145.135188 -179145.135188       -14204.202928  -14204.202928
 321 -105158.132642 -105158.132642         6096.762780    6096.762780
 322    -948.493442    -948.493442         7478.397693    7478.397693
 323  -26484.083181  -26484.083181        33293.181751   33293.181751
 324   33710.528006   33710.528006        -7683.494586   -7683.494586
 325  -21682.156298  -21682.156299      -112110.966436 -112110.966436
 326  131353.970790  131353.970790        11536.111403   11536.111403
 327  -37816.146473  -37816.146473        25973.909471   25973.909471
 328    5145.586952    5145.586952       -13153.664587  -13153.664587
 329   50116.074162   50116.074162       -36662.820122  -36662.820122
 330  -22650.258492  -22650.258492        14641.043224   14641.043224
 331  -75233.069248  -75233.069248       -18681.259157  -18681.259157
 332  -22841.943016  -22841.943016       -83476.353728  -83476.353728
 333  -38379.688445  -38379.688445       -65391.809416  -65391.809416
 334  -60579.482007  -60579.482007         4703.109809    4703.109809
 335  -67976.361100  -67976.361100        46587.386377   46587.386377
 336   -9320.334606   -9320.334606        28010.361943   28010.361943
 337   11908.116054   11908.116054       -21219.314722  -21219.314722
 338   12940.513996   12940.513996        -1434.498591   -1434.498591
 339   77437.064948   77437.064948       -28949.145371  -28949.145372
 340  -49799.520955  -49799.520955       -46246.163908  -46246.163908
 341   13116.192633   13116.192633      -131122.467110 -131122.467110
 342  -15170.028675  -15170.028675       -31928.068874  -31928.068874
 343  -68519.704564  -68519.704564        15781.967422   15781.967422
 344  -42031.401745  -42031.401745         5424.745299    5424.745299
 345  -17154.066244  -17154.066244       -72155.390941  -72155.390941
 346    5454.339820    5454.339820        23310.123835   23310.123835
 347    -258.291479    -258.291479        46651.955300   46651.955300
 348   91389.208596   91389.208596       -78279.473295  -78279.473295
 349   -5468.389194   -5468.389194       -37998.841754  -37998.841754
 350  -37301.532362  -37301.532362       118045.822042  118045.822042
 351   30750.950388   30750.950388       -39300.411405  -39300.411405
 352   75904.614995   75904.614995       111541.530856  111541.530856
 353  134428.011877  134428.011877       -19037.692837  -19037.692837
 354   15618.252511   15618.252511        29617.852529   29617.852529
 355  -49487.734805  -49487.734805       142623.302428  142623.302428
 356    3490.351518    3490.351518       -49103.177658  -49103.177658
 357  -65855.432256  -65855.432256       -82392.398766  -82392.398766
 358  -29316.310960  -29316.310960        25124.608642   25124.608642
 359   -8092.858146   -8092.858146       -12887.525267  -12887.525267
 360   28824.089296   28824.089296        71030.392255   71030.392255
 361   41392.713561   41392.713561        22675.378789   22675.378789
 362   80866.347506   80866.347506       129513.032122  129513.032122
 363  -40630.346001  -40630.346001        -5619.778030   -5619.778030
 364   99455.533986   99455.533986        55420.376929   55420.376929
 365  143370.354994  143370.354994       -29510.841128  -29510.841128
 366   44297.834151   44297.834151       -40122.543775  -40122.543775
 367   39459.326609   39459.326609       -11720.255776  -11720.255776
 368    5686.328326    5686.328326       -50409.004862  -50409.004862
 369  -29794.143401  -29794.143401       -42427.157136  -42427.157136
 370  -50824.353521  -50824.353521        73485.675346   73485.675346
 371  -37316.106769  -37316.106769        24142.256589   24142.256589
 372   14327.043779   14327.043779        33752.957184   33752.957184
 373  -16323.037920  -16323.037920       -25779.392678  -25779.392678
 374   24044.284006   24044.284006        10988.408398   10988.408398
 375   22266.530591   22266.530591        53796.856671   53796.856671
 376  -89828.616945  -89828.616945       -15507.094806  -15507.094806
 377  -13625.537839  -13625.537839        39751.495561   39751.495561
 378  -20453.965815  -20453.965815       -33384.608507  -33384.608507
 379   17092.122130   17092.122130        39583.631735   39583.631735
 380   45309.960099   45309.960099         6123.743328    6123.743328
 381 -100580.018353 -100580.018353        20086.342818   20086.342818
 382  -55459.969157  -55459.969157         5326.474924    5326.474924
 383  -94098.440069  -94098.440069        36724.951528   36724.951528
 384   76932.000000   76932.000000        55106.000000   55106.000000
 385   16692.942632   16692.942632       -81096.771799  -81096.771799
 386  -55123.106986  -55123.106986        41065.395756   41065.395756
 387  142249.304214  142249.304214      -132580.726215 -132580.726215
 388   38143.176585   38143.176585      -123996.946210 -123996.946210
 389  -75523.538761  -75523.538761        52384.406119   52384.406119
 390    5526.506685    5526.506685       102938.064868  102938.064868
 391   15321.209339   15321.209339        47475.431326   47475.431326
 392 -186739.982238 -186739.982238        51444.220521   51444.220521
 393   41060.103105   41060.103105       -45888.789504  -45888.789504
 394  -30772.878209  -30772.878209        43716.872032   43716.872032
 395   75416.203697   75416.203697       -12644.163215  -12644.163215
 396   87811.435685   87811.435685        97988.074402   97988.074402
 397   -1802.319388   -1802.319388        47263.499983   47263.499983
 398  -48875.196326  -48875.196326       -89033.110723  -89033.110723
 399  -64515.080541  -64515.080541       -12844.187600  -12844.187600
 400  -13436.168625  -13436.168625        69909.365314   69909.365314
 401  -82822.031106  -82822.031106       -51394.872957  -51394.872957
 402   11382.291916   11382.291916       -41298.895978  -41298.895978
 403   16880.192267   16880.192267       -83225.271277  -83225.271277
 404  -49910.587757  -49910.587757       -16508.385832  -16508.385832
 405  -38245.751994  -38245.751994       -85123.307600  -85123.307600
 406   86150.248522   86150.248522        -7219.788203   -7219.788203
 407  -26821.360973  -26821.360973         2561.899756    2561.899756
 408   -3710.288586   -3710.288586        43207.268168   43207.268168
 409 -132368.381100 -132368.381100        -5060.457585   -5060.457585
 410  -24371.037386  -24371.037386       -11212.329290  -11212.329290
 411  -30981.927988  -30981.927988       -58341.795610  -58341.795610
 412  104169.164260  104169.164260        43153.699216   43153.699216
 413  -47787.224882  -47787.224882        22825.118722   22825.118722
 414    2659.497987    2659.497987       -26644.364347  -26644.364347
 415  -76327.598171  -76327.598171        16837.821498   16837.821498
 416  -11927.180028  -11927.180028        25454.114320   25454.114320
 417   39858.301625   39858.301625        42394.765287   42394.765287
 418   47452.695046   47452.695046         2856.904713    2856.904713
 419   99660.964550   99660.964550        43350.938587   43350.938587
 420   14848.578061   14848.578061        30087.038942   30087.038942
 421  -36836.386092  -36836.386092      -157944.404157 -157944.404157
 422  -97072.249544  -97072.249544        49264.666074   49264.666074
 423  114175.334205  114175.334205       -14874.057259  -14874.057259
 424  -35437.468265  -35437.468265        -9570.310233   -9570.310233
 425   40028.348795   40028.348795        12949.832037   12949.832037
 426  -48948.454505  -48948.454505        71658.230950   71658.230950
 427   62763.009953   62763.009953       -92800.981767  -92800.981767
 428   39119.667573   39119.667573        24943.339873   24943.339873
 429  -86061.873957  -86061.873957        39887.309361   39887.309361
 430   79123.088939   79123.088939        86628.915213   86628.915213
 431   72669.678886   72669.678886       -49585.832084  -49585.832084
 432  -48979.064733  -48979.064733         2181.241834    2181.241834
 433  146079.449558  146079.449558       -11639.714689  -11639.714689
 434   40720.617742   40720.617742       -89497.507797  -89497.507797
 435  -18575.424877  -18575.424877       -16286.396266  -16286.396266
 436  -29639.042442  -29639.042442       107546.126702  107546.126702
 437   18177.586135   18177.586135      -120187.671307 -120187.671307
 438 -108487.932879 -108487.932879       -17243.207205  -17243.207205
 439   19748.239655   19748.239655       -50738.836835  -50738.836835
 440   56417.110374   56417.110374        36088.995597   36088.995597
 441   20320.873632   20320.873632        -7317.288652   -7317.288652
 442   37727.083340   37727.083340          869.708489     869.708489
 443  -76594.714281  -76594.714281       -53612.668362  -53612.668362
 444  -82133.426648  -82133.426648       -83293.923496  -83293.923496
 445 -128113.865737 -128113.865737       -32053.281903  -32053.281903
 446  111223.807957  111223.807957         5691.570203    5691.570203
 447   10988.406082   10988.406082        31490.811061   31490.811061
 448   27738.410747   27738.410747       141477.912217  141477.912217
 449   34435.407029   34435.407029       -28484.913409  -28484.913409
 450 -173604.078210 -173604.078210       -64629.029946  -64629.029946
 451   27100.362761   27100.362761        -2142.665974   -2142.665974
 452   39338.356411   39338.356411        82348.344241   82348.344241
 453  -94652.579593  -94652.579593        81510.399627   81510.399627
 454  -10655.173024  -10655.173024       -60296.574901  -60296.574901
 455   30609.586579   30609.586579        33596.538602   33596.538602
 456   90987.264936   90987.264936       -32896.524779  -32896.524779
 457  110242.271257  110242.271257       146320.265024  146320.265024
 458 -105116.063289 -105116.063289        62548.881589   62548.881589
 459  -69082.247311  -69082.247311       -91367.703865  -91367.703865
 460   66660.688795   66660.688795       147482.411398  147482.411398
 461  -18979.548070  -18979.548070       -73252.891791  -73252.891791
 462   47077.857984   47077.857984        46932.799234   46932.799234
 463  -45140.548330  -45140.548330       -56029.295331  -56029.295331
 464   35354.655833   35354.655833       -76727.535744  -76727.535744
 465   29178.326282   29178.326282        80658.438533   80658.438533
 466     498.277219     498.277219        -9876.874303   -9876.874303
 467 -112351.857947 -112351.857947        79618.748240   79618.748240
 468  -43761.962207  -43761.962207      -106644.281154 -106644.281154
 469   43345.977716   43345.977716        19221.074243   19221.074243
 470    2711.873113    2711.873113       -52468.608526  -52468.608526
 471  -21481.935634  -21481.935634       -40476.622937  -40476.622937
 472  -25751.632717  -25751.632717          797.756683     797.756683
 473   15007.898185   15007.898185        81070.270177   81070.270177
 474    4668.209240    4668.209240       141448.299724  141448.299724
 475   44025.167928   44025.167928        69170.727949   69170.727949
 476  -18430.328171  -18430.328171        88901.550953   88901.550953
 477  -56763.761624  -56763.761624         4364.161981    4364.161981
 478   23990.926034   23990.926034       -22903.649105  -22903.649105
 479 -195073.073041 -195073.073041        46451.992612   46451.992612
 480  -22647.391919  -22647.391919        -9260.253706   -9260.253706
 481 -106036.780209 -106036.780209       130645.335982  130645.335982
 482  -86016.260309  -86016.260309        12113.574259   12113.574259
 483   54219.357116   54219.357116       -93899.439444  -93899.439444
 484   66158.088656   66158.088656        13348.177296   13348.177296
 485  -33602.179539  -33602.179539        14506.175809   14506.175809
 486  -39208.201982  -39208.201982        -2118.251128   -2118.251128
 487  -20582.049023  -20582.049023        69053.853272   69053.853272
 488   43600.675357   43600.675357        -6997.238756   -6997.238756
 489  101670.934826  101670.934826       151819.689908  151819.689908
 490  141605.381062  141605.381062        56008.767059   56008.767059
 491  -77563.803433  -77563.803433        14743.567995   14743.567995
 492 -124226.573405 -124226.573405       -15324.358277  -15324.358277
 493   37567.178649   37567.178649        11883.807263   11883.807263
 494  -31257.293542  -31257.293542       -33281.789198  -33281.789198
 495   79432.311986   79432.311986        36754.036231   36754.036231
 496   64179.070261   64179.070261       -95161.085553  -95161.085553
 497  -48175.051972  -48175.051972        45256.344605   45256.344605
 498  105595.447106  105595.447106          835.228155     835.228155
 499   41610.741695   41610.741695        16799.837605   16799.837605
 500  -41547.097249  -41547.097249        -8742.275799   -8742.275799
 501  -46887.304402  -46887.304402        59563.786046   59563.786046
 502  -88387.849916  -88387.849916        13308.493556   13308.493556
 503   30275.716404   30275.716404        12872.945016   12872.945016
 504   -3725.384079   -3725.384079        66670.766515   66670.766515
 505   75096.536624   75096.536624        77094.367492   77094.367492
 506 -116916.774521 -116916.774521       135657.026128  135657.026128
 507  -52252.034958  -52252.034958        94091.478109   94091.478109
 508  123056.618324  123056.618324       -76383.215156  -76383.215156
 509    3229.889213    3229.889213       -94009.795744  -94009.795744
 510   -6012.315631   -6012.315631         2815.190450    2815.190450
 511  -13474.230616  -13474.230615        16785.772661   16785.772662
